0.0,0.0
0.01,7.273
0.02,14.546
0.03,21.819
0.04,29.092
0.05,36.358
0.06,43.623
0.07,50.888
0.08,58.153
0.09,65.409
0.1,72.658
0.11,79.908
0.12,87.157
0.13,94.397
0.14,101.622
0.15,108.848
0.16,116.074
0.17,123.293
0.18,130.487
0.19,137.681
0.2,144.875
0.21,152.07
0.22,159.224
0.23,166.379
0.24,173.533
0.25,180.688
0.26,187.805
0.27,194.912
0.28,202.02
0.29,209.127
0.3,216.201
0.31,223.253
0.32,230.306
0.33,237.358
0.34,244.385
0.35,251.374
0.36,258.363
0.37,265.352
0.38,272.327
0.39,279.245
0.4,286.164
0.41,293.082
0.42,300.0
0.43,306.838
0.44,313.675
0.45,320.513
0.46,327.35
0.47,334.155
0.48,340.911
0.49,347.667
0.5,354.423
0.51,361.178
0.52,367.872
0.53,374.55
0.54,381.228
0.55,387.906
0.56,394.57
0.57,401.175
0.58,407.78
0.59,414.385
0.6,420.99
0.61,427.554
0.62,434.091
0.63,440.627
0.64,447.163
0.65,453.7
0.66,460.171
0.67,466.643
0.68,473.115
0.69,479.587
0.7,486.035
0.71,492.447
0.72,498.859
0.73,505.271
0.74,511.683
0.75,518.05
0.76,524.407
0.77,530.763
0.78,537.12
0.79,543.466
0.8,549.772
0.81,556.077
0.82,562.382
0.83,568.688
0.84,574.965
0.85,581.224
0.86,587.483
0.87,593.741
0.88,600.0
0.89,606.279
0.9,612.552
0.91,618.818
0.92,625.077
0.93,631.33
0.94,637.58
0.95,643.822
0.96,650.06
0.97,656.297
0.98,662.533
0.99,668.767
1.0,675.0
1.01,681.238
1.02,687.475
1.03,693.713
1.04,699.951
1.05,706.191
1.06,712.432
1.07,718.672
1.08,724.913
1.09,731.155
1.1,737.397
1.11,743.639
1.12,749.885
1.13,756.131
1.14,762.377
1.15,768.623
1.16,774.871
1.17,781.118
1.18,787.365
1.19,793.615
1.2,799.865
1.21,806.115
1.22,812.367
1.23,818.621
1.24,824.875
1.25,831.129
1.26,837.386
1.27,843.642
1.28,849.899
1.29,856.157
1.3,862.418
1.31,868.679
1.32,874.941
1.33,881.204
1.34,887.469
1.35,893.735
1.36,900.0
1.37,906.27
1.38,912.541
1.39,918.811
1.4,925.082
1.41,931.352
1.42,937.617
1.43,943.882
1.44,950.147
1.45,956.413
1.46,962.675
1.47,968.926
1.48,975.177
1.49,981.428
1.5,987.679
1.51,993.922
1.52,1000.146
1.53,1006.369
1.54,1012.592
1.55,1018.816
1.56,1025.026
1.57,1031.214
1.58,1037.403
1.59,1043.592
1.6,1049.781
1.61,1055.945
1.62,1062.086
1.63,1068.227
1.64,1074.368
1.65,1080.509
1.66,1086.615
1.67,1092.699
1.68,1098.783
1.69,1104.866
1.7,1110.95
1.71,1116.986
1.72,1123.001
1.73,1129.016
1.74,1135.032
1.75,1141.047
1.76,1147.0
1.77,1152.938
1.78,1158.876
1.79,1164.813
1.8,1170.751
1.81,1176.608
1.82,1182.456
1.83,1188.304
1.84,1194.152
1.85,1200.0
1.86,1205.783
1.87,1211.552
1.88,1217.305
1.89,1223.032
1.9,1228.743
1.91,1234.44
1.92,1240.117
1.93,1245.778
1.94,1251.425
1.95,1257.052
1.96,1262.668
1.97,1268.275
1.98,1273.858
1.99,1279.433
2.0,1285.0
2.01,1290.54
2.02,1296.08
2.03,1301.62
2.04,1307.16
2.05,1312.656
2.06,1318.153
2.07,1323.649
2.08,1329.145
2.09,1334.599
2.1,1340.052
2.11,1345.506
2.12,1350.96
2.13,1356.375
2.14,1361.79
2.15,1367.205
2.16,1372.62
2.17,1378.0
2.18,1383.38
2.19,1388.76
2.2,1394.14
2.21,1399.486
2.22,1404.832
2.23,1410.179
2.24,1415.525
2.25,1420.842
2.26,1426.16
2.27,1431.478
2.28,1436.795
2.29,1442.085
2.3,1447.375
2.31,1452.665
2.32,1457.955
2.33,1463.221
2.34,1468.488
2.35,1473.754
2.36,1479.02
2.37,1484.265
2.38,1489.51
2.39,1494.755
2.4,1500.0
2.41,1505.158
2.42,1510.315
2.43,1515.472
2.44,1520.63
2.45,1525.788
2.46,1530.945
2.47,1536.072
2.48,1541.2
2.49,1546.328
2.5,1551.455
2.51,1556.582
2.52,1561.71
2.53,1566.807
2.54,1571.903
2.55,1577.0
2.56,1582.097
2.57,1587.193
2.58,1592.29
2.59,1597.353
2.6,1602.417
2.61,1607.48
2.62,1612.543
2.63,1617.607
2.64,1622.67
2.65,1627.698
2.66,1632.725
2.67,1637.752
2.68,1642.78
2.69,1647.808
2.7,1652.835
2.71,1657.825
2.72,1662.815
2.73,1667.805
2.74,1672.795
2.75,1677.785
2.76,1682.775
2.77,1687.725
2.78,1692.675
2.79,1697.625
2.8,1702.575
2.81,1707.525
2.82,1712.475
2.83,1717.382
2.84,1722.29
2.85,1727.198
2.86,1732.105
2.87,1737.012
2.88,1741.92
2.89,1746.783
2.9,1751.647
2.91,1756.51
2.92,1761.373
2.93,1766.237
2.94,1771.1
2.95,1775.917
2.96,1780.733
2.97,1785.55
2.98,1790.367
2.99,1795.183
3.0,1800.0
3.01,1804.751
3.02,1809.503
3.03,1814.254
3.04,1819.006
3.05,1823.757
3.06,1828.509
3.07,1833.248
3.08,1837.939
3.09,1842.631
3.1,1847.322
3.11,1852.013
3.12,1856.704
3.13,1861.395
3.14,1866.06
3.15,1870.685
3.16,1875.31
3.17,1879.935
3.18,1884.56
3.19,1889.185
3.2,1893.81
3.21,1898.392
3.22,1902.945
3.23,1907.498
3.24,1912.051
3.25,1916.604
3.26,1921.156
3.27,1925.709
3.28,1930.2
3.29,1934.675
3.3,1939.15
3.31,1943.625
3.32,1948.1
3.33,1952.575
3.34,1957.05
3.35,1961.443
3.36,1965.835
3.37,1970.228
3.38,1974.621
3.39,1979.013
3.4,1983.406
3.41,1987.781
3.42,1992.084
3.43,1996.388
3.44,2000.692
3.45,2004.995
3.46,2009.299
3.47,2013.603
3.48,2017.869
3.49,2022.079
3.5,2026.29
3.51,2030.5
3.52,2034.71
3.53,2038.921
3.54,2043.131
3.55,2047.281
3.56,2051.391
3.57,2055.502
3.58,2059.612
3.59,2063.722
3.6,2067.833
3.61,2071.943
3.62,2075.969
3.63,2079.974
3.64,2083.979
3.65,2087.985
3.66,2091.99
3.67,2095.995
3.68,2100.0
3.69,2103.945
3.7,2107.891
3.71,2111.836
3.72,2115.741
3.73,2119.637
3.74,2123.532
3.75,2127.399
3.76,2131.248
3.77,2135.096
3.78,2138.926
3.79,2142.729
3.8,2146.532
3.81,2150.327
3.82,2154.088
3.83,2157.849
3.84,2161.61
3.85,2165.33
3.86,2169.051
3.87,2172.771
3.88,2176.461
3.89,2180.144
3.9,2183.827
3.91,2187.488
3.92,2191.135
3.93,2194.782
3.94,2198.416
3.95,2202.03
3.96,2205.644
3.97,2209.252
3.98,2212.834
3.99,2216.417
4.0,2220.0
4.01,2223.555
4.02,2227.111
4.03,2230.666
4.04,2234.222
4.05,2237.777
4.06,2241.306
4.07,2244.808
4.08,2248.31
4.09,2251.811
4.1,2255.313
4.11,2258.815
4.12,2262.261
4.13,2265.708
4.14,2269.154
4.15,2272.6
4.16,2276.047
4.17,2279.463
4.18,2282.85
4.19,2286.236
4.2,2289.622
4.21,2293.009
4.22,2296.395
4.23,2299.717
4.24,2303.039
4.25,2306.36
4.26,2309.682
4.27,2313.004
4.28,2316.292
4.29,2319.547
4.3,2322.801
4.31,2326.056
4.32,2329.31
4.33,2332.565
4.34,2335.748
4.35,2338.93
4.36,2342.113
4.37,2345.296
4.38,2348.479
4.39,2351.623
4.4,2354.73
4.41,2357.836
4.42,2360.942
4.43,2364.049
4.44,2367.155
4.45,2370.182
4.46,2373.21
4.47,2376.237
4.48,2379.264
4.49,2382.291
4.5,2385.277
4.51,2388.222
4.52,2391.166
4.53,2394.111
4.54,2397.055
4.55,2400.0
4.56,2402.853
4.57,2405.707
4.58,2408.56
4.59,2411.413
4.6,2414.232
4.61,2417.017
4.62,2419.801
4.63,2422.586
4.64,2425.37
4.65,2428.086
4.66,2430.801
4.67,2433.517
4.68,2436.232
4.69,2438.914
4.7,2441.562
4.71,2444.209
4.72,2446.857
4.73,2449.505
4.74,2452.087
4.75,2454.669
4.76,2457.252
4.77,2459.834
4.78,2462.384
4.79,2464.902
4.8,2467.419
4.81,2469.937
4.82,2472.455
4.83,2474.911
4.84,2477.366
4.85,2479.822
4.86,2482.277
4.87,2484.701
4.88,2487.093
4.89,2489.486
4.9,2491.878
4.91,2494.27
4.92,2496.603
4.93,2498.937
4.94,2501.27
4.95,2503.603
4.96,2505.907
4.97,2508.18
4.98,2510.453
4.99,2512.727
5.0,2515.0
5.01,2517.128
5.02,2519.255
5.03,2521.382
5.04,2523.51
5.05,2525.638
5.06,2527.765
5.07,2529.893
5.08,2532.02
5.09,2534.148
5.1,2536.275
5.11,2538.278
5.12,2540.28
5.13,2542.283
5.14,2544.285
5.15,2546.288
5.16,2548.29
5.17,2550.292
5.18,2552.295
5.19,2554.298
5.2,2556.3
5.21,2558.18
5.22,2560.061
5.23,2561.942
5.24,2563.822
5.25,2565.703
5.26,2567.583
5.27,2569.464
5.28,2571.344
5.29,2573.225
5.3,2575.105
5.31,2576.866
5.32,2578.627
5.33,2580.388
5.34,2582.149
5.35,2583.91
5.36,2585.671
5.37,2587.432
5.38,2589.193
5.39,2590.954
5.4,2592.715
5.41,2594.36
5.42,2596.005
5.43,2597.65
5.44,2599.295
5.45,2600.94
5.46,2602.585
5.47,2604.23
5.48,2605.875
5.49,2607.52
5.5,2609.165
5.51,2610.696
5.52,2612.228
5.53,2613.76
5.54,2615.291
5.55,2616.822
5.56,2618.354
5.57,2619.886
5.58,2621.417
5.59,2622.948
5.6,2624.48
5.61,2625.901
5.62,2627.322
5.63,2628.743
5.64,2630.164
5.65,2631.585
5.66,2633.006
5.67,2634.427
5.68,2635.848
5.69,2637.269
5.7,2638.69
5.71,2640.004
5.72,2641.318
5.73,2642.632
5.74,2643.946
5.75,2645.26
5.76,2646.574
5.77,2647.888
5.78,2649.202
5.79,2650.516
5.8,2651.83
5.81,2653.039
5.82,2654.248
5.83,2655.457
5.84,2656.666
5.85,2657.875
5.86,2659.084
5.87,2660.293
5.88,2661.502
5.89,2662.711
5.9,2663.92
5.91,2665.028
5.92,2666.136
5.93,2667.244
5.94,2668.352
5.95,2669.46
5.96,2670.568
5.97,2671.676
5.98,2672.784
5.99,2673.892
6.0,2675.0
6.01,2676.096
6.02,2677.186
6.03,2678.27
6.04,2679.345
6.05,2680.417
6.06,2681.486
6.07,2682.55
6.08,2683.611
6.09,2684.671
6.1,2685.732
6.11,2686.793
6.12,2687.859
6.13,2688.929
6.14,2690.0
6.15,2691.102
6.16,2692.203
6.17,2693.305
6.18,2694.407
6.19,2695.509
6.2,2696.61
6.21,2697.712
6.22,2698.814
6.23,2699.93
6.24,2701.069
6.25,2702.207
6.26,2703.345
6.27,2704.484
6.28,2705.622
6.29,2706.761
6.3,2707.899
6.31,2709.037
6.32,2710.194
6.33,2711.356
6.34,2712.518
6.35,2713.679
6.36,2714.841
6.37,2716.002
6.38,2717.164
6.39,2718.326
6.4,2719.489
6.41,2720.661
6.42,2721.832
6.43,2723.004
6.44,2724.175
6.45,2725.347
6.46,2726.518
6.47,2727.69
6.48,2728.861
6.49,2730.031
6.5,2731.199
6.51,2732.367
6.52,2733.535
6.53,2734.703
6.54,2735.871
6.55,2737.039
6.56,2738.207
6.57,2739.375
6.58,2740.525
6.59,2741.675
6.6,2742.825
6.61,2743.975
6.62,2745.125
6.63,2746.275
6.64,2747.425
6.65,2748.575
6.66,2749.713
6.67,2750.832
6.68,2751.951
6.69,2753.07
6.7,2754.189
6.71,2755.309
6.72,2756.428
6.73,2757.547
6.74,2758.666
6.75,2759.75
6.76,2760.825
6.77,2761.9
6.78,2762.975
6.79,2764.05
6.8,2765.125
6.81,2766.2
6.82,2767.275
6.83,2768.338
6.84,2769.355
6.85,2770.371
6.86,2771.387
6.87,2772.403
6.88,2773.42
6.89,2774.436
6.9,2775.452
6.91,2776.468
6.92,2777.442
6.93,2778.387
6.94,2779.331
6.95,2780.276
6.96,2781.221
6.97,2782.166
6.98,2783.11
6.99,2784.055
7.0,2785.0
7.01,2785.928
7.02,2786.857
7.03,2787.786
7.04,2788.714
7.05,2789.642
7.06,2790.571
7.07,2791.5
7.08,2792.428
7.09,2793.356
7.1,2794.285
7.11,2795.125
7.12,2795.965
7.13,2796.805
7.14,2797.645
7.15,2798.485
7.16,2799.325
7.17,2800.165
7.18,2801.005
7.19,2801.845
7.2,2802.685
7.21,2803.446
7.22,2804.206
7.23,2804.966
7.24,2805.727
7.25,2806.488
7.26,2807.248
7.27,2808.008
7.28,2808.769
7.29,2809.53
7.3,2810.29
7.31,2810.982
7.32,2811.675
7.33,2812.368
7.34,2813.06
7.35,2813.752
7.36,2814.445
7.37,2815.138
7.38,2815.83
7.39,2816.522
7.4,2817.215
7.41,2817.848
7.42,2818.482
7.43,2819.116
7.44,2819.749
7.45,2820.382
7.46,2821.016
7.47,2821.65
7.48,2822.283
7.49,2822.917
7.5,2823.55
7.51,2824.135
7.52,2824.72
7.53,2825.305
7.54,2825.89
7.55,2826.475
7.56,2827.06
7.57,2827.645
7.58,2828.23
7.59,2828.815
7.6,2829.4
7.61,2829.947
7.62,2830.494
7.63,2831.041
7.64,2831.588
7.65,2832.135
7.66,2832.682
7.67,2833.229
7.68,2833.776
7.69,2834.323
7.7,2834.87
7.71,2835.388
7.72,2835.907
7.73,2836.426
7.74,2836.944
7.75,2837.462
7.76,2837.981
7.77,2838.5
7.78,2839.018
7.79,2839.536
7.8,2840.055
7.81,2840.556
7.82,2841.057
7.83,2841.558
7.84,2842.059
7.85,2842.56
7.86,2843.061
7.87,2843.562
7.88,2844.063
7.89,2844.564
7.9,2845.065
7.91,2845.558
7.92,2846.052
7.93,2846.546
7.94,2847.039
7.95,2847.533
7.96,2848.026
7.97,2848.52
7.98,2849.013
7.99,2849.506
8.0,2850.0
8.01,2850.481
8.02,2850.962
8.03,2851.443
8.04,2851.924
8.05,2852.405
8.06,2852.886
8.07,2853.367
8.08,2853.848
8.09,2854.329
8.1,2854.81
8.11,2855.291
8.12,2855.772
8.13,2856.253
8.14,2856.734
8.15,2857.215
8.16,2857.696
8.17,2858.177
8.18,2858.658
8.19,2859.139
8.2,2859.62
8.21,2860.098
8.22,2860.577
8.23,2861.056
8.24,2861.534
8.25,2862.012
8.26,2862.491
8.27,2862.97
8.28,2863.448
8.29,2863.926
8.3,2864.405
8.31,2864.878
8.32,2865.351
8.33,2865.824
8.34,2866.297
8.35,2866.77
8.36,2867.243
8.37,2867.716
8.38,2868.189
8.39,2868.662
8.4,2869.135
8.41,2869.6
8.42,2870.066
8.43,2870.532
8.44,2870.997
8.45,2871.462
8.46,2871.928
8.47,2872.394
8.48,2872.859
8.49,2873.324
8.5,2873.79
8.51,2874.245
8.52,2874.7
8.53,2875.155
8.54,2875.61
8.55,2876.065
8.56,2876.52
8.57,2876.975
8.58,2877.43
8.59,2877.885
8.6,2878.34
8.61,2878.783
8.62,2879.225
8.63,2879.668
8.64,2880.11
8.65,2880.553
8.66,2880.995
8.67,2881.438
8.68,2881.88
8.69,2882.322
8.7,2882.765
8.71,2883.192
8.72,2883.618
8.73,2884.044
8.74,2884.471
8.75,2884.898
8.76,2885.324
8.77,2885.75
8.78,2886.177
8.79,2886.604
8.8,2887.03
8.81,2887.439
8.82,2887.848
8.83,2888.257
8.84,2888.666
8.85,2889.075
8.86,2889.484
8.87,2889.893
8.88,2890.302
8.89,2890.711
8.9,2891.12
8.91,2891.508
8.92,2891.896
8.93,2892.284
8.94,2892.672
8.95,2893.06
8.96,2893.448
8.97,2893.836
8.98,2894.224
8.99,2894.612
9.0,2895.0
9.01,2895.366
9.02,2895.732
9.03,2896.098
9.04,2896.464
9.05,2896.83
9.06,2897.196
9.07,2897.562
9.08,2897.928
9.09,2898.294
9.1,2898.66
9.11,2899.005
9.12,2899.35
9.13,2899.695
9.14,2900.04
9.15,2900.385
9.16,2900.73
9.17,2901.075
9.18,2901.42
9.19,2901.765
9.2,2902.11
9.21,2902.437
9.22,2902.763
9.23,2903.09
9.24,2903.416
9.25,2903.743
9.26,2904.069
9.27,2904.396
9.28,2904.722
9.29,2905.048
9.3,2905.375
9.31,2905.686
9.32,2905.996
9.33,2906.306
9.34,2906.617
9.35,2906.928
9.36,2907.238
9.37,2907.548
9.38,2907.859
9.39,2908.17
9.4,2908.48
9.41,2908.776
9.42,2909.073
9.43,2909.37
9.44,2909.666
9.45,2909.962
9.46,2910.259
9.47,2910.556
9.48,2910.852
9.49,2911.149
9.5,2911.445
9.51,2911.73
9.52,2912.015
9.53,2912.3
9.54,2912.585
9.55,2912.87
9.56,2913.155
9.57,2913.44
9.58,2913.725
9.59,2914.01
9.6,2914.295
9.61,2914.571
9.62,2914.846
9.63,2915.122
9.64,2915.397
9.65,2915.672
9.66,2915.948
9.67,2916.224
9.68,2916.499
9.69,2916.774
9.7,2917.05
9.71,2917.319
9.72,2917.588
9.73,2917.857
9.74,2918.126
9.75,2918.395
9.76,2918.664
9.77,2918.933
9.78,2919.202
9.79,2919.471
9.8,2919.74
9.81,2920.004
9.82,2920.268
9.83,2920.532
9.84,2920.796
9.85,2921.06
9.86,2921.324
9.87,2921.588
9.88,2921.852
9.89,2922.116
9.9,2922.38
9.91,2922.642
9.92,2922.904
9.93,2923.166
9.94,2923.428
9.95,2923.69
9.96,2923.952
9.97,2924.214
9.98,2924.476
9.99,2924.738
10.0,2925.0
