0.0,124.0
0.001,125.86
0.002,127.72
0.003,129.58
0.004,131.44
0.005,133.3
0.006,135.16
0.007,137.02
0.008,138.88
0.009,140.74
0.01,142.6
0.011,144.46
0.012,146.32
0.013,148.18
0.014,150.04
0.015,151.9
0.016,153.76
0.017,155.62
0.018,157.48
0.019,159.34
0.02,161.2
0.021,163.06
0.022,164.92
0.023,166.78
0.024,168.64
0.025,170.5
0.026,172.36
0.027,174.22
0.028,176.08
0.029,177.94
0.03,179.8
0.031,181.66
0.032,183.52
0.033,185.38
0.034,187.24
0.035,189.1
0.036,190.96
0.037,192.82
0.038,194.68
0.039,196.54
0.04,198.4
0.041,200.26
0.042,202.12
0.043,203.98
0.044,205.84
0.045,207.7
0.046,209.56
0.047,211.42
0.048,213.28
0.049,215.14
0.05,217.0
0.051,218.86
0.052,220.72
0.053,222.58
0.054,224.44
0.055,226.3
0.056,228.16
0.057,230.02
0.058,231.88
0.059,233.74
0.06,235.6
0.061,237.46
0.062,239.32
0.063,241.18
0.064,243.04
0.065,244.9
0.066,246.76
0.067,248.62
0.068,250.48
0.069,252.34
0.07,254.2
0.071,256.06
0.072,257.92
0.073,259.78
0.074,261.64
0.075,263.5
0.076,265.36
0.077,267.22
0.078,269.08
0.079,270.94
0.08,272.8
0.081,274.66
0.082,276.52
0.083,278.38
0.084,280.24
0.085,282.1
0.086,283.96
0.087,285.82
0.088,287.68
0.089,289.54
0.09,291.4
0.091,293.26
0.092,295.12
0.093,296.98
0.094,298.84
0.095,300.7
0.096,302.56
0.097,304.42
0.098,306.28
0.099,308.14
0.1,310.0
0.101,311.86
0.102,313.72
0.103,315.58
0.104,317.44
0.105,319.3
0.106,321.16
0.107,323.02
0.108,324.88
0.109,326.74
0.11,328.6
0.111,330.46
0.112,332.32
0.113,334.18
0.114,336.04
0.115,337.9
0.116,339.76
0.117,341.62
0.118,343.48
0.119,345.34
0.12,347.2
0.121,349.06
0.122,350.92
0.123,352.78
0.124,354.64
0.125,356.5
0.126,358.36
0.127,360.22
0.128,362.08
0.129,363.94
0.13,365.8
0.131,367.66
0.132,369.52
0.133,371.38
0.134,373.24
0.135,375.1
0.136,376.96
0.137,378.82
0.138,380.68
0.139,382.54
0.14,384.4
0.141,386.26
0.142,388.12
0.143,389.98
0.144,391.84
0.145,393.7
0.146,395.56
0.147,397.42
0.148,399.28
0.149,401.14
0.15,403.0
0.151,404.86
0.152,406.72
0.153,408.58
0.154,410.44
0.155,412.3
0.156,414.16
0.157,416.02
0.158,417.88
0.159,419.74
0.16,421.6
0.161,423.46
0.162,425.32
0.163,427.18
0.164,429.04
0.165,430.9
0.166,432.76
0.167,434.62
0.168,436.48
0.169,438.34
0.17,440.2
0.171,442.06
0.172,443.92
0.173,445.78
0.174,447.64
0.175,449.5
0.176,451.36
0.177,453.22
0.178,455.08
0.179,456.94
0.18,458.8
0.181,460.66
0.182,462.52
0.183,464.38
0.184,466.24
0.185,468.1
0.186,469.96
0.187,471.82
0.188,473.68
0.189,475.54
0.19,477.4
0.191,479.26
0.192,481.12
0.193,482.98
0.194,484.84
0.195,486.7
0.196,488.56
0.197,490.42
0.198,492.28
0.199,494.14
0.2,496.0
0.201,497.58
0.202,499.16
0.203,500.74
0.204,502.32
0.205,503.9
0.206,505.48
0.207,507.06
0.208,508.64
0.209,510.22
0.21,511.8
0.211,513.38
0.212,514.96
0.213,516.54
0.214,518.12
0.215,519.7
0.216,521.28
0.217,522.86
0.218,524.44
0.219,526.02
0.22,527.6
0.221,529.18
0.222,530.76
0.223,532.34
0.224,533.92
0.225,535.5
0.226,537.08
0.227,538.66
0.228,540.24
0.229,541.82
0.23,543.4
0.231,544.98
0.232,546.56
0.233,548.14
0.234,549.72
0.235,551.3
0.236,552.88
0.237,554.46
0.238,556.04
0.239,557.62
0.24,559.2
0.241,560.78
0.242,562.36
0.243,563.94
0.244,565.52
0.245,567.1
0.246,568.68
0.247,570.26
0.248,571.84
0.249,573.42
0.25,575.0
0.251,576.58
0.252,578.16
0.253,579.74
0.254,581.32
0.255,582.9
0.256,584.48
0.257,586.06
0.258,587.64
0.259,589.22
0.26,590.8
0.261,592.38
0.262,593.96
0.263,595.54
0.264,597.12
0.265,598.7
0.266,600.28
0.267,601.86
0.268,603.44
0.269,605.02
0.27,606.6
0.271,608.18
0.272,609.76
0.273,611.34
0.274,612.92
0.275,614.5
0.276,616.08
0.277,617.66
0.278,619.24
0.279,620.82
0.28,622.4
0.281,623.98
0.282,625.56
0.283,627.14
0.284,628.72
0.285,630.3
0.286,631.88
0.287,633.46
0.288,635.04
0.289,636.62
0.29,638.2
0.291,639.78
0.292,641.36
0.293,642.94
0.294,644.52
0.295,646.1
0.296,647.68
0.297,649.26
0.298,650.84
0.299,652.42
0.3,654.0
0.301,655.32
0.302,656.64
0.303,657.96
0.304,659.28
0.305,660.6
0.306,661.92
0.307,663.24
0.308,664.56
0.309,665.88
0.31,667.2
0.311,668.52
0.312,669.84
0.313,671.16
0.314,672.48
0.315,673.8
0.316,675.12
0.317,676.44
0.318,677.76
0.319,679.08
0.32,680.4
0.321,681.72
0.322,683.04
0.323,684.36
0.324,685.68
0.325,687.0
0.326,688.32
0.327,689.64
0.328,690.96
0.329,692.28
0.33,693.6
0.331,694.92
0.332,696.24
0.333,697.56
0.334,698.88
0.335,700.2
0.336,701.52
0.337,702.84
0.338,704.16
0.339,705.48
0.34,706.8
0.341,708.12
0.342,709.44
0.343,710.76
0.344,712.08
0.345,713.4
0.346,714.72
0.347,716.04
0.348,717.36
0.349,718.68
0.35,720.0
0.351,721.2
0.352,722.4
0.353,723.6
0.354,724.8
0.355,726.0
0.356,727.2
0.357,728.4
0.358,729.6
0.359,730.8
0.36,732.0
0.361,733.2
0.362,734.4
0.363,735.6
0.364,736.8
0.365,738.0
0.366,739.2
0.367,740.4
0.368,741.6
0.369,742.8
0.37,744.0
0.371,745.2
0.372,746.4
0.373,747.6
0.374,748.8
0.375,750.0
0.376,751.2
0.377,752.4
0.378,753.6
0.379,754.8
0.38,756.0
0.381,757.2
0.382,758.4
0.383,759.6
0.384,760.8
0.385,762.0
0.386,763.2
0.387,764.4
0.388,765.6
0.389,766.8
0.39,768.0
0.391,769.2
0.392,770.4
0.393,771.6
0.394,772.8
0.395,774.0
0.396,775.2
0.397,776.4
0.398,777.6
0.399,778.8
0.4,780.0
0.401,780.92
0.402,781.84
0.403,782.76
0.404,783.68
0.405,784.6
0.406,785.52
0.407,786.44
0.408,787.36
0.409,788.28
0.41,789.2
0.411,790.12
0.412,791.04
0.413,791.96
0.414,792.88
0.415,793.8
0.416,794.72
0.417,795.64
0.418,796.56
0.419,797.48
0.42,798.4
0.421,799.32
0.422,800.24
0.423,801.16
0.424,802.08
0.425,803.0
0.426,803.92
0.427,804.84
0.428,805.76
0.429,806.68
0.43,807.6
0.431,808.52
0.432,809.44
0.433,810.36
0.434,811.28
0.435,812.2
0.436,813.12
0.437,814.04
0.438,814.96
0.439,815.88
0.44,816.8
0.441,817.72
0.442,818.64
0.443,819.56
0.444,820.48
0.445,821.4
0.446,822.32
0.447,823.24
0.448,824.16
0.449,825.08
0.45,826.0
0.451,826.68
0.452,827.36
0.453,828.04
0.454,828.72
0.455,829.4
0.456,830.08
0.457,830.76
0.458,831.44
0.459,832.12
0.46,832.8
0.461,833.48
0.462,834.16
0.463,834.84
0.464,835.52
0.465,836.2
0.466,836.88
0.467,837.56
0.468,838.24
0.469,838.92
0.47,839.6
0.471,840.28
0.472,840.96
0.473,841.64
0.474,842.32
0.475,843.0
0.476,843.68
0.477,844.36
0.478,845.04
0.479,845.72
0.48,846.4
0.481,847.08
0.482,847.76
0.483,848.44
0.484,849.12
0.485,849.8
0.486,850.48
0.487,851.16
0.488,851.84
0.489,852.52
0.49,853.2
0.491,853.88
0.492,854.56
0.493,855.24
0.494,855.92
0.495,856.6
0.496,857.28
0.497,857.96
0.498,858.64
0.499,859.32
0.5,860.0
0.501,860.6
0.502,861.2
0.503,861.8
0.504,862.4
0.505,863.0
0.506,863.6
0.507,864.2
0.508,864.8
0.509,865.4
0.51,866.0
0.511,866.6
0.512,867.2
0.513,867.8
0.514,868.4
0.515,869.0
0.516,869.6
0.517,870.2
0.518,870.8
0.519,871.4
0.52,872.0
0.521,872.6
0.522,873.2
0.523,873.8
0.524,874.4
0.525,875.0
0.526,875.6
0.527,876.2
0.528,876.8
0.529,877.4
0.53,878.0
0.531,878.6
0.532,879.2
0.533,879.8
0.534,880.4
0.535,881.0
0.536,881.6
0.537,882.2
0.538,882.8
0.539,883.4
0.54,884.0
0.541,884.6
0.542,885.2
0.543,885.8
0.544,886.4
0.545,887.0
0.546,887.6
0.547,888.2
0.548,888.8
0.549,889.4
0.55,890.0
0.551,890.52
0.552,891.04
0.553,891.56
0.554,892.08
0.555,892.6
0.556,893.12
0.557,893.64
0.558,894.16
0.559,894.68
0.56,895.2
0.561,895.72
0.562,896.24
0.563,896.76
0.564,897.28
0.565,897.8
0.566,898.32
0.567,898.84
0.568,899.36
0.569,899.88
0.57,900.4
0.571,900.92
0.572,901.44
0.573,901.96
0.574,902.48
0.575,903.0
0.576,903.52
0.577,904.04
0.578,904.56
0.579,905.08
0.58,905.6
0.581,906.12
0.582,906.64
0.583,907.16
0.584,907.68
0.585,908.2
0.586,908.72
0.587,909.24
0.588,909.76
0.589,910.28
0.59,910.8
0.591,911.32
0.592,911.84
0.593,912.36
0.594,912.88
0.595,913.4
0.596,913.92
0.597,914.44
0.598,914.96
0.599,915.48
0.6,916.0
0.601,916.48
0.602,916.96
0.603,917.44
0.604,917.92
0.605,918.4
0.606,918.88
0.607,919.36
0.608,919.84
0.609,920.32
0.61,920.8
0.611,921.28
0.612,921.76
0.613,922.24
0.614,922.72
0.615,923.2
0.616,923.68
0.617,924.16
0.618,924.64
0.619,925.12
0.62,925.6
0.621,926.08
0.622,926.56
0.623,927.04
0.624,927.52
0.625,928.0
0.626,928.48
0.627,928.96
0.628,929.44
0.629,929.92
0.63,930.4
0.631,930.88
0.632,931.36
0.633,931.84
0.634,932.32
0.635,932.8
0.636,933.28
0.637,933.76
0.638,934.24
0.639,934.72
0.64,935.2
0.641,935.68
0.642,936.16
0.643,936.64
0.644,937.12
0.645,937.6
0.646,938.08
0.647,938.56
0.648,939.04
0.649,939.52
0.65,940.0
0.651,940.4
0.652,940.8
0.653,941.2
0.654,941.6
0.655,942.0
0.656,942.4
0.657,942.8
0.658,943.2
0.659,943.6
0.66,944.0
0.661,944.4
0.662,944.8
0.663,945.2
0.664,945.6
0.665,946.0
0.666,946.4
0.667,946.8
0.668,947.2
0.669,947.6
0.67,948.0
0.671,948.4
0.672,948.8
0.673,949.2
0.674,949.6
0.675,950.0
0.676,950.4
0.677,950.8
0.678,951.2
0.679,951.6
0.68,952.0
0.681,952.4
0.682,952.8
0.683,953.2
0.684,953.6
0.685,954.0
0.686,954.4
0.687,954.8
0.688,955.2
0.689,955.6
0.69,956.0
0.691,956.4
0.692,956.8
0.693,957.2
0.694,957.6
0.695,958.0
0.696,958.4
0.697,958.8
0.698,959.2
0.699,959.6
0.7,960.0
0.701,960.28
0.702,960.56
0.703,960.84
0.704,961.12
0.705,961.4
0.706,961.68
0.707,961.96
0.708,962.24
0.709,962.52
0.71,962.8
0.711,963.08
0.712,963.36
0.713,963.64
0.714,963.92
0.715,964.2
0.716,964.48
0.717,964.76
0.718,965.04
0.719,965.32
0.72,965.6
0.721,965.88
0.722,966.16
0.723,966.44
0.724,966.72
0.725,967.0
0.726,967.28
0.727,967.56
0.728,967.84
0.729,968.12
0.73,968.4
0.731,968.68
0.732,968.96
0.733,969.24
0.734,969.52
0.735,969.8
0.736,970.08
0.737,970.36
0.738,970.64
0.739,970.92
0.74,971.2
0.741,971.48
0.742,971.76
0.743,972.04
0.744,972.32
0.745,972.6
0.746,972.88
0.747,973.16
0.748,973.44
0.749,973.72
0.75,974.0
0.751,974.28
0.752,974.56
0.753,974.84
0.754,975.12
0.755,975.4
0.756,975.68
0.757,975.96
0.758,976.24
0.759,976.52
0.76,976.8
0.761,977.08
0.762,977.36
0.763,977.64
0.764,977.92
0.765,978.2
0.766,978.48
0.767,978.76
0.768,979.04
0.769,979.32
0.77,979.6
0.771,979.88
0.772,980.16
0.773,980.44
0.774,980.72
0.775,981.0
0.776,981.28
0.777,981.56
0.778,981.84
0.779,982.12
0.78,982.4
0.781,982.68
0.782,982.96
0.783,983.24
0.784,983.52
0.785,983.8
0.786,984.08
0.787,984.36
0.788,984.64
0.789,984.92
0.79,985.2
0.791,985.48
0.792,985.76
0.793,986.04
0.794,986.32
0.795,986.6
0.796,986.88
0.797,987.16
0.798,987.44
0.799,987.72
0.8,988.0
0.801,988.28
0.802,988.56
0.803,988.84
0.804,989.12
0.805,989.4
0.806,989.68
0.807,989.96
0.808,990.24
0.809,990.52
0.81,990.8
0.811,991.08
0.812,991.36
0.813,991.64
0.814,991.92
0.815,992.2
0.816,992.48
0.817,992.76
0.818,993.04
0.819,993.32
0.82,993.6
0.821,993.88
0.822,994.16
0.823,994.44
0.824,994.72
0.825,995.0
0.826,995.28
0.827,995.56
0.828,995.84
0.829,996.12
0.83,996.4
0.831,996.68
0.832,996.96
0.833,997.24
0.834,997.52
0.835,997.8
0.836,998.08
0.837,998.36
0.838,998.64
0.839,998.92
0.84,999.2
0.841,999.48
0.842,999.76
0.843,1000.04
0.844,1000.32
0.845,1000.6
0.846,1000.88
0.847,1001.16
0.848,1001.44
0.849,1001.72
0.85,1002.0
0.851,1002.28
0.852,1002.56
0.853,1002.84
0.854,1003.12
0.855,1003.4
0.856,1003.68
0.857,1003.96
0.858,1004.24
0.859,1004.52
0.86,1004.8
0.861,1005.08
0.862,1005.36
0.863,1005.64
0.864,1005.92
0.865,1006.2
0.866,1006.48
0.867,1006.76
0.868,1007.04
0.869,1007.32
0.87,1007.6
0.871,1007.88
0.872,1008.16
0.873,1008.44
0.874,1008.72
0.875,1009.0
0.876,1009.28
0.877,1009.56
0.878,1009.84
0.879,1010.12
0.88,1010.4
0.881,1010.68
0.882,1010.96
0.883,1011.24
0.884,1011.52
0.885,1011.8
0.886,1012.08
0.887,1012.36
0.888,1012.64
0.889,1012.92
0.89,1013.2
0.891,1013.48
0.892,1013.76
0.893,1014.04
0.894,1014.32
0.895,1014.6
0.896,1014.88
0.897,1015.16
0.898,1015.44
0.899,1015.72
0.9,1016.0
0.901,1016.2
0.902,1016.4
0.903,1016.6
0.904,1016.8
0.905,1017.0
0.906,1017.2
0.907,1017.4
0.908,1017.6
0.909,1017.8
0.91,1018.0
0.911,1018.2
0.912,1018.4
0.913,1018.6
0.914,1018.8
0.915,1019.0
0.916,1019.2
0.917,1019.4
0.918,1019.6
0.919,1019.8
0.92,1020.0
0.921,1020.2
0.922,1020.4
0.923,1020.6
0.924,1020.8
0.925,1021.0
0.926,1021.2
0.927,1021.4
0.928,1021.6
0.929,1021.8
0.93,1022.0
0.931,1022.2
0.932,1022.4
0.933,1022.6
0.934,1022.8
0.935,1023.0
0.936,1023.2
0.937,1023.4
0.938,1023.6
0.939,1023.8
0.94,1024.0
0.941,1024.2
0.942,1024.4
0.943,1024.6
0.944,1024.8
0.945,1025.0
0.946,1025.2
0.947,1025.4
0.948,1025.6
0.949,1025.8
0.95,1026.0
0.951,1026.2
0.952,1026.4
0.953,1026.6
0.954,1026.8
0.955,1027.0
0.956,1027.2
0.957,1027.4
0.958,1027.6
0.959,1027.8
0.96,1028.0
0.961,1028.2
0.962,1028.4
0.963,1028.6
0.964,1028.8
0.965,1029.0
0.966,1029.2
0.967,1029.4
0.968,1029.6
0.969,1029.8
0.97,1030.0
0.971,1030.2
0.972,1030.4
0.973,1030.6
0.974,1030.8
0.975,1031.0
0.976,1031.2
0.977,1031.4
0.978,1031.6
0.979,1031.8
0.98,1032.0
0.981,1032.2
0.982,1032.4
0.983,1032.6
0.984,1032.8
0.985,1033.0
0.986,1033.2
0.987,1033.4
0.988,1033.6
0.989,1033.8
0.99,1034.0
0.991,1034.2
0.992,1034.4
0.993,1034.6
0.994,1034.8
0.995,1035.0
0.996,1035.2
0.997,1035.4
0.998,1035.6
0.999,1035.8
1.0,1036.0
1.001,1036.16
1.002,1036.32
1.003,1036.48
1.004,1036.64
1.005,1036.8
1.006,1036.96
1.007,1037.12
1.008,1037.28
1.009,1037.44
1.01,1037.6
1.011,1037.76
1.012,1037.92
1.013,1038.08
1.014,1038.24
1.015,1038.4
1.016,1038.56
1.017,1038.72
1.018,1038.88
1.019,1039.04
1.02,1039.2
1.021,1039.36
1.022,1039.52
1.023,1039.68
1.024,1039.84
1.025,1040.0
1.026,1040.16
1.027,1040.32
1.028,1040.48
1.029,1040.64
1.03,1040.8
1.031,1040.96
1.032,1041.12
1.033,1041.28
1.034,1041.44
1.035,1041.6
1.036,1041.76
1.037,1041.92
1.038,1042.08
1.039,1042.24
1.04,1042.4
1.041,1042.56
1.042,1042.72
1.043,1042.88
1.044,1043.04
1.045,1043.2
1.046,1043.36
1.047,1043.52
1.048,1043.68
1.049,1043.84
1.05,1044.0
1.051,1044.16
1.052,1044.32
1.053,1044.48
1.054,1044.64
1.055,1044.8
1.056,1044.96
1.057,1045.12
1.058,1045.28
1.059,1045.44
1.06,1045.6
1.061,1045.76
1.062,1045.92
1.063,1046.08
1.064,1046.24
1.065,1046.4
1.066,1046.56
1.067,1046.72
1.068,1046.88
1.069,1047.04
1.07,1047.2
1.071,1047.36
1.072,1047.52
1.073,1047.68
1.074,1047.84
1.075,1048.0
1.076,1048.16
1.077,1048.32
1.078,1048.48
1.079,1048.64
1.08,1048.8
1.081,1048.96
1.082,1049.12
1.083,1049.28
1.084,1049.44
1.085,1049.6
1.086,1049.76
1.087,1049.92
1.088,1050.08
1.089,1050.24
1.09,1050.4
1.091,1050.56
1.092,1050.72
1.093,1050.88
1.094,1051.04
1.095,1051.2
1.096,1051.36
1.097,1051.52
1.098,1051.68
1.099,1051.84
1.1,1052.0
1.101,1052.22
1.102,1052.44
1.103,1052.66
1.104,1052.88
1.105,1053.1
1.106,1053.32
1.107,1053.54
1.108,1053.76
1.109,1053.98
1.11,1054.2
1.111,1054.42
1.112,1054.64
1.113,1054.86
1.114,1055.08
1.115,1055.3
1.116,1055.52
1.117,1055.74
1.118,1055.96
1.119,1056.18
1.12,1056.4
1.121,1056.62
1.122,1056.84
1.123,1057.06
1.124,1057.28
1.125,1057.5
1.126,1057.72
1.127,1057.94
1.128,1058.16
1.129,1058.38
1.13,1058.6
1.131,1058.82
1.132,1059.04
1.133,1059.26
1.134,1059.48
1.135,1059.7
1.136,1059.92
1.137,1060.14
1.138,1060.36
1.139,1060.58
1.14,1060.8
1.141,1061.02
1.142,1061.24
1.143,1061.46
1.144,1061.68
1.145,1061.9
1.146,1062.12
1.147,1062.34
1.148,1062.56
1.149,1062.78
1.15,1063.0
1.151,1063.22
1.152,1063.44
1.153,1063.66
1.154,1063.88
1.155,1064.1
1.156,1064.32
1.157,1064.54
1.158,1064.76
1.159,1064.98
1.16,1065.2
1.161,1065.42
1.162,1065.64
1.163,1065.86
1.164,1066.08
1.165,1066.3
1.166,1066.52
1.167,1066.74
1.168,1066.96
1.169,1067.18
1.17,1067.4
1.171,1067.62
1.172,1067.84
1.173,1068.06
1.174,1068.28
1.175,1068.5
1.176,1068.72
1.177,1068.94
1.178,1069.16
1.179,1069.38
1.18,1069.6
1.181,1069.82
1.182,1070.04
1.183,1070.26
1.184,1070.48
1.185,1070.7
1.186,1070.92
1.187,1071.14
1.188,1071.36
1.189,1071.58
1.19,1071.8
1.191,1072.02
1.192,1072.24
1.193,1072.46
1.194,1072.68
1.195,1072.9
1.196,1073.12
1.197,1073.34
1.198,1073.56
1.199,1073.78
1.2,1074.0
1.201,1074.12
1.202,1074.24
1.203,1074.36
1.204,1074.48
1.205,1074.6
1.206,1074.72
1.207,1074.84
1.208,1074.96
1.209,1075.08
1.21,1075.2
1.211,1075.32
1.212,1075.44
1.213,1075.56
1.214,1075.68
1.215,1075.8
1.216,1075.92
1.217,1076.04
1.218,1076.16
1.219,1076.28
1.22,1076.4
1.221,1076.52
1.222,1076.64
1.223,1076.76
1.224,1076.88
1.225,1077.0
1.226,1077.12
1.227,1077.24
1.228,1077.36
1.229,1077.48
1.23,1077.6
1.231,1077.72
1.232,1077.84
1.233,1077.96
1.234,1078.08
1.235,1078.2
1.236,1078.32
1.237,1078.44
1.238,1078.56
1.239,1078.68
1.24,1078.8
1.241,1078.92
1.242,1079.04
1.243,1079.16
1.244,1079.28
1.245,1079.4
1.246,1079.52
1.247,1079.64
1.248,1079.76
1.249,1079.88
1.25,1080.0
1.251,1080.12
1.252,1080.24
1.253,1080.36
1.254,1080.48
1.255,1080.6
1.256,1080.72
1.257,1080.84
1.258,1080.96
1.259,1081.08
1.26,1081.2
1.261,1081.32
1.262,1081.44
1.263,1081.56
1.264,1081.68
1.265,1081.8
1.266,1081.92
1.267,1082.04
1.268,1082.16
1.269,1082.28
1.27,1082.4
1.271,1082.52
1.272,1082.64
1.273,1082.76
1.274,1082.88
1.275,1083.0
1.276,1083.12
1.277,1083.24
1.278,1083.36
1.279,1083.48
1.28,1083.6
1.281,1083.72
1.282,1083.84
1.283,1083.96
1.284,1084.08
1.285,1084.2
1.286,1084.32
1.287,1084.44
1.288,1084.56
1.289,1084.68
1.29,1084.8
1.291,1084.92
1.292,1085.04
1.293,1085.16
1.294,1085.28
1.295,1085.4
1.296,1085.52
1.297,1085.64
1.298,1085.76
1.299,1085.88
1.3,1086.0
1.301,1086.18
1.302,1086.36
1.303,1086.54
1.304,1086.72
1.305,1086.9
1.306,1087.08
1.307,1087.26
1.308,1087.44
1.309,1087.62
1.31,1087.8
1.311,1087.98
1.312,1088.16
1.313,1088.34
1.314,1088.52
1.315,1088.7
1.316,1088.88
1.317,1089.06
1.318,1089.24
1.319,1089.42
1.32,1089.6
1.321,1089.78
1.322,1089.96
1.323,1090.14
1.324,1090.32
1.325,1090.5
1.326,1090.68
1.327,1090.86
1.328,1091.04
1.329,1091.22
1.33,1091.4
1.331,1091.58
1.332,1091.76
1.333,1091.94
1.334,1092.12
1.335,1092.3
1.336,1092.48
1.337,1092.66
1.338,1092.84
1.339,1093.02
1.34,1093.2
1.341,1093.38
1.342,1093.56
1.343,1093.74
1.344,1093.92
1.345,1094.1
1.346,1094.28
1.347,1094.46
1.348,1094.64
1.349,1094.82
1.35,1095.0
1.351,1095.18
1.352,1095.36
1.353,1095.54
1.354,1095.72
1.355,1095.9
1.356,1096.08
1.357,1096.26
1.358,1096.44
1.359,1096.62
1.36,1096.8
1.361,1096.98
1.362,1097.16
1.363,1097.34
1.364,1097.52
1.365,1097.7
1.366,1097.88
1.367,1098.06
1.368,1098.24
1.369,1098.42
1.37,1098.6
1.371,1098.78
1.372,1098.96
1.373,1099.14
1.374,1099.32
1.375,1099.5
1.376,1099.68
1.377,1099.86
1.378,1100.04
1.379,1100.22
1.38,1100.4
1.381,1100.58
1.382,1100.76
1.383,1100.94
1.384,1101.12
1.385,1101.3
1.386,1101.48
1.387,1101.66
1.388,1101.84
1.389,1102.02
1.39,1102.2
1.391,1102.38
1.392,1102.56
1.393,1102.74
1.394,1102.92
1.395,1103.1
1.396,1103.28
1.397,1103.46
1.398,1103.64
1.399,1103.82
1.4,1104.0
1.401,1104.14
1.402,1104.28
1.403,1104.42
1.404,1104.56
1.405,1104.7
1.406,1104.84
1.407,1104.98
1.408,1105.12
1.409,1105.26
1.41,1105.4
1.411,1105.54
1.412,1105.68
1.413,1105.82
1.414,1105.96
1.415,1106.1
1.416,1106.24
1.417,1106.38
1.418,1106.52
1.419,1106.66
1.42,1106.8
1.421,1106.94
1.422,1107.08
1.423,1107.22
1.424,1107.36
1.425,1107.5
1.426,1107.64
1.427,1107.78
1.428,1107.92
1.429,1108.06
1.43,1108.2
1.431,1108.34
1.432,1108.48
1.433,1108.62
1.434,1108.76
1.435,1108.9
1.436,1109.04
1.437,1109.18
1.438,1109.32
1.439,1109.46
1.44,1109.6
1.441,1109.74
1.442,1109.88
1.443,1110.02
1.444,1110.16
1.445,1110.3
1.446,1110.44
1.447,1110.58
1.448,1110.72
1.449,1110.86
1.45,1111.0
1.451,1111.14
1.452,1111.28
1.453,1111.42
1.454,1111.56
1.455,1111.7
1.456,1111.84
1.457,1111.98
1.458,1112.12
1.459,1112.26
1.46,1112.4
1.461,1112.54
1.462,1112.68
1.463,1112.82
1.464,1112.96
1.465,1113.1
1.466,1113.24
1.467,1113.38
1.468,1113.52
1.469,1113.66
1.47,1113.8
1.471,1113.94
1.472,1114.08
1.473,1114.22
1.474,1114.36
1.475,1114.5
1.476,1114.64
1.477,1114.78
1.478,1114.92
1.479,1115.06
1.48,1115.2
1.481,1115.34
1.482,1115.48
1.483,1115.62
1.484,1115.76
1.485,1115.9
1.486,1116.04
1.487,1116.18
1.488,1116.32
1.489,1116.46
1.49,1116.6
1.491,1116.74
1.492,1116.88
1.493,1117.02
1.494,1117.16
1.495,1117.3
1.496,1117.44
1.497,1117.58
1.498,1117.72
1.499,1117.86
1.5,1118.0
